(9273, 5)
----------------------------------------
----------------------------------------
      phone  watch  participant  weekday  hour  diff     sum     ratio
2764   6813      0           28        5    19  6813  3406.5       2.0
1773      0   6799           16        5    20  6799  3399.5       2.0
4537    274   6866            7        6    11  6592  3570.0  1.846499
8993   6073      0           19        2    21  6073  3036.5       2.0
1952      0   5934           16        5    20  5934  2967.0       2.0
2139      0   5424           16        5    21  5424  2712.0       2.0
5326      9   5429           15        6     7  5420  2719.0   1.99338
5137      7   4885           15        5    22  4878  2446.0  1.994276
2397      0   4863           13        3    22  4863  2431.5       2.0
2398      0   4792           13        3    23  4792  2396.0       2.0
4646   2266   6923            7        6    14  4657  4594.5  1.013603
2383      0   4653           13        1    21  4653  2326.5       2.0
6065   4575     26            1        6    20  4549  2300.5  1.977396
3819   4407      0           30        5    13  4407  2203.5       2.0
2311      0   4224           13        2    20  4224  2112.0       2.0
9169   3999      0           19        1    20  3999  1999.5       2.0
8894   3862      0           25        0    22  3862  1931.0       2.0
4763   1650   5195            7        0     9  3545  3422.5  1.035793
1951      0   3512           16        5    19  3512  1756.0       2.0
2312     79   3576           13        2    21  3497  1827.5  1.913543
8005      0   3425           18        5     9  3425  1712.5       2.0
6165   3380      0            1        5    19  3380  1690.0       2.0
5414   3179      0            8        5    16  3179  1589.5       2.0
5059      0   3155           15        5    21  3155  1577.5       2.0
7835      0   3149           18        1     9  3149  1574.5       2.0
1230     17   3124            6        4    13  3107  1570.5  1.978351
8893   3061      0           25        0    21  3061  1530.5       2.0
2382    382   3297           13        1    20  2915  1839.5   1.58467
2765   2849     14           28        5    20  2835  1431.5   1.98044
8926   2700      0           19        4    21  2700  1350.0       2.0
5418   2621      0            8        5    20  2621  1310.5       2.0
8925   2591     88           19        4    20  2503  1339.5  1.868608
2566      6   2506           28        4     8  2500  1256.0  1.990446
2569     12   2502           28        4    11  2490  1257.0  1.980907
5412   2448      0            8        5    12  2448  1224.0       2.0
723    2414      0            9        6    11  2414  1207.0       2.0
2588    183   2549           28        5    14  2366  1366.0  1.732064
7479   2357      0           27        1    22  2357  1178.5       2.0
6572   2490    154           17        3    19  2336  1322.0   1.76702
6529   2886    556           17        0    19  2330  1721.0  1.353864
2356    933   3232           13        6    21  2299  2082.5  1.103962
3906   2329     45           30        5    18  2284  1187.0  1.924179
8004      0   2275           18        5     8  2275  1137.5       2.0
5060     40   2308           15        5    22  2268  1174.0  1.931857
7863      0   2224           18        3     8  2224  1112.0       2.0
2301      0   2206           13        1    21  2206  1103.0       2.0
8006      0   2182           18        5    10  2182  1091.0       2.0
2570     61   2240           28        4    12  2179  1150.5  1.893959
2300    135   2312           13        1    20  2177  1223.5  1.779322
2591     89   2232           28        5    17  2143  1160.5  1.846618
5420   2143      0            8        5    23  2143  1071.5       2.0
447    2130      0            9        4    14  2130  1065.0       2.0
5899   3854   1772            1        3    17  2082  2813.0  0.740135
3071   2061      0            5        5    11  2061  1030.5       2.0
1455      0   2061            6        4     0  2061  1030.5       2.0
2931     57   2113            5        5    15  2056  1085.0  1.894931
2702      6   2055           28        1    13  2049  1030.5  1.988355
5419   2040      0            8        5    22  2040  1020.0       2.0
4582   1054   3090            7        2     9  2036  2072.0  0.982625
2701      0   2020           28        1    12  2020  1010.0       2.0
4813   1596   3607            7        3    11  2011  2601.5  0.773016
7864      0   2006           18        3     9  2006  1003.0       2.0
2814      0   1998           28        4     8  1998   999.0       2.0
6052   1996      0            1        6     1  1996   998.0       2.0
7720   2870    889           18        0    15  1981  1879.5  1.054004
1645      0   1974            6        1     0  1974   987.0       2.0
7753   1972      0           18        2    11  1972   986.0       2.0
3172   1966      0            2        1    10  1966   983.0       2.0
152     170   2128           31        0    21  1958  1149.0  1.704091
1772      0   1948           16        5    19  1948   974.0       2.0
8003    294   2241           18        5     7  1947  1267.5  1.536095
2155      0   1907           16        6    21  1907   953.5       2.0
2933     35   1934            5        5    17  1899   984.5  1.928898
2266   2669    772           13        5    23  1897  1720.5  1.102586
5901   3719   1829            1        3    19  1890  2774.0  0.681327
7882    260   2150           18        4     8  1890  1205.0  1.568465
5900   3770   1911            1        3    18  1859  2840.5  0.654462
3723    888   2739           30        5    17  1851  1813.5  1.020678
1922    167   2002           16        3    13  1835  1084.5  1.692024
2934    111   1940            5        5    18  1829  1025.5   1.78352
198    1947    120           31        5    20  1827  1033.5  1.767779
2274    495   2322           13        6    22  1827  1408.5  1.297125
6066   1829      6            1        6    21  1823   917.5  1.986921
7104   2293    471           17        2    19  1822  1382.0  1.318379
6069   1818      0            1        0     0  1818   909.0       2.0
2704      9   1817           28        1    15  1808   913.0  1.980285
2567     16   1808           28        4     9  1792   912.0  1.964912
6051   1778      0            1        6     0  1778   889.0       2.0
7888     25   1782           18        4    14  1757   903.5   1.94466
7756   1753      0           18        2    14  1753   876.5       2.0
2493     13   1763           28        4    11  1750   888.0  1.970721
724    1747      0            9        6    12  1747   873.5       2.0
7667      0   1740           18        2    16  1740   870.0       2.0
1781     28   1766           16        6    16  1738   897.0   1.93757
1493     42   1775            6        6     5  1733   908.5   1.90754
2490      0   1710           28        4     8  1710   855.0       2.0
3725    810   2495           30        5    19  1685  1652.5  1.019667
1975      0   1679           16        0    20  1679   839.5       2.0
2590    124   1794           28        5    16  1670   959.0  1.741397
2290      0   1664           13        0    21  1664   832.0       2.0
2587    112   1765           28        5    13  1653   938.5  1.761321
7949    538   2185           18        1    15  1647  1361.5  1.209695
2288    157   1794           13        0    19  1637   975.5  1.678114
2813    254   1889           28        4     7  1635  1071.5  1.525898
2816      0   1633           28        4    10  1633   816.5       2.0
7945      0   1629           18        1    11  1629   814.5       2.0
6871   2131    507           17        4    21  1624  1319.0  1.231236
3724    992   2603           30        5    18  1611  1797.5  0.896245
2308   1604      0           13        2    17  1604   802.0       2.0
2489    371   1968           28        4     7  1597  1169.5  1.365541
7121   1913    318           17        3    20  1595  1115.5  1.429852
6876   1578      6           17        5    21  1572   792.0  1.984848
7941    469   2028           18        1     7  1559  1248.5  1.248698
7850      0   1558           18        2     9  1558   779.0       2.0
5308   1551      0           15        4    22  1551   775.5       2.0
6808   1970    421           17        0    19  1549  1195.5  1.295692
2136   1534      0           16        5    18  1534   767.0       2.0
1759   1610   3135           16        4    17  1525  2372.5  0.642782
7972     31   1554           18        3     7  1523   792.5  1.921767
1837     73   1587           16        3    12  1514   830.0  1.824096
7752   1497      0           18        2    10  1497   748.5       2.0
8214   1952    456           21        6    15  1496  1204.0  1.242525
2817      0   1493           28        4    11  1493   746.5       2.0
2589    166   1656           28        5    15  1490   911.0  1.635565
7612      0   1478           18        5    13  1478   739.0       2.0
7475   1623    147           27        1    18  1476   885.0  1.667797
8884   1474      0           25        0    12  1474   737.0       2.0
6082   1470      0            1        0    19  1470   735.0       2.0
7910    169   1637           18        6     7  1468   903.0  1.625692
1286      0   1462            6        1     3  1462   731.0       2.0
6519   2168    715           17        0     8  1453  1441.5  1.007978
2703    233   1685           28        1    14  1452   959.0  1.514077
7702      0   1451           18        6    15  1451   725.5       2.0
4234   1455     11           22        4    23  1444   733.0  1.969986
7834      0   1443           18        1     8  1443   721.5       2.0
9208   1434      0           19        2    16  1434   717.0       2.0
2492      0   1429           28        4    10  1429   714.5       2.0
7944      0   1425           18        1    10  1425   712.5       2.0
7841      0   1422           18        1    15  1422   711.0       2.0
2932    214   1632            5        5    16  1418   923.0  1.536295
2930    135   1551            5        5    14  1416   843.0  1.679715
7731    260   1669           18        1     7  1409   964.5  1.460861
6183   1400      0            1        0     4  1400   700.0       2.0
7849     78   1453           18        2     8  1375   765.5  1.796212
7851      0   1366           18        2    10  1366   683.0       2.0
6083   1348      0            1        0    20  1348   674.0       2.0
8568   1607    263           25        2    20  1344   935.0  1.437433
1793      0   1337           16        0    14  1337   668.5       2.0
7732    987   2317           18        1     8  1330  1652.0  0.805085
3025   1325      0            5        0    12  1325   662.5       2.0
2815    161   1484           28        4     9  1323   822.5  1.608511
8172   1302   2623           21        3    13  1321  1962.5  0.673121
6197   1321      0            1        0    21  1321   660.5       2.0
7772   1319      0           18        3    15  1319   659.5       2.0
7947      0   1318           18        1    13  1318   659.0       2.0
3029   1436    121            5        0    17  1315   778.5  1.689146
2289      0   1306           13        0    20  1306   653.0       2.0
7807     32   1335           18        5    13  1303   683.5  1.906364
7087    696   1989           17        1    21  1293  1342.5  0.963128
4160   1353     66           22        0    15  1287   709.5  1.813953
3622   1287      0           30        4    18  1287   643.5       2.0
4156   1277      0           22        0    11  1277   638.5       2.0
9047   1277      0           19        6    18  1277   638.5       2.0
1941    426   1701           16        4    18  1275  1063.5  1.198872
7441   1272      0           27        6     9  1272   636.0       2.0
4081   1794    534           22        5    23  1260  1164.0  1.082474
6020   1254      0            1        4     4  1254   627.0       2.0
6169   1307     54            1        6     7  1253   680.5  1.841293
7751   1252      0           18        2     9  1252   626.0       2.0
5779   1252      0            1        3     6  1252   626.0       2.0
4145   1252      0           22        6    11  1252   626.0       2.0
6186   1337     85            1        0     7  1252   711.0    1.7609
5839   1250      0            1        0     6  1250   625.0       2.0
5435   1247      0            8        0    22  1247   623.5       2.0
2494    540   1785           28        4    12  1245  1162.5  1.070968
7478   1243      0           27        1    21  1243   621.5       2.0
8188   1569   2809           21        4    16  1240  2189.0  0.566469
2265   1408    171           13        5    22  1237   789.5  1.566814
1604      0   1234            6        6     2  1234   617.0       2.0
6144   1456    223            1        4     6  1233   839.5  1.468731
5825   1232      0            1        6     7  1232   616.0       2.0
7599   1228      0           27        5    17  1228   614.0       2.0
7816    304   1529           18        6     7  1225   916.5  1.336607
9184   1223      0           19        2    20  1223   611.5       2.0
5837   1218      0            1        0     4  1218   609.0       2.0
6074   1217      0            1        0     7  1217   608.5       2.0
6573   1486    271           17        3    20  1215   878.5  1.383039
7836      0   1215           18        1    10  1215   607.5       2.0
7609      0   1207           18        5    10  1207   603.5       2.0
7757   1204      0           18        2    15  1204   602.0       2.0
5417   1204      0            8        5    19  1204   602.0       2.0
2091      0   1200           16        2    13  1200   600.0       2.0
5967   2470   1272            1        0    18  1198  1871.0  0.640299
5794   1197      0            1        4     6  1197   598.5       2.0
4392    135   1329            7        5     7  1194   732.0  1.631148
6900   1453    261           17        1    17  1192   857.0  1.390898
7768   1188      0           18        3     8  1188   594.0       2.0
5691   1187      0            1        4     6  1187   593.5       2.0
3077   1185      0            5        5    18  1185   592.5       2.0
8469   1207     23           25        3    19  1184   615.0  1.925203
5810   1191      9            1        5     7  1182   600.0      1.97
6088   1181      0            1        1     6  1181   590.5       2.0
9214   1180      0           19        2    22  1180   590.0       2.0
3601   1178      0           30        3     8  1178   589.0       2.0
9080   1176      0           19        1    21  1176   588.0       2.0
2705    563   1738           28        1    16  1175  1150.5  1.021295
6071   1184     18            1        0     4  1166   601.0    1.9401
2568    525   1689           28        4    10  1164  1107.0  1.051491
9179   1164      0           19        2    14  1164   582.0       2.0
2098      0   1157           16        2    20  1157   578.5       2.0
4165   1153      0           22        0    20  1153   576.5       2.0
7942   1154   2303           18        1     8  1149  1728.5  0.664738
7322      0   1146           27        4    13  1146   573.0       2.0
5690   1146      0            1        4     4  1146   573.0       2.0
5643   1140      0            8        1    12  1140   570.0       2.0
6167   1140      0            1        6     4  1140   570.0       2.0
7730     85   1217           18        1     6  1132   651.0  1.738863
5413   1130      0            8        5    13  1130   565.0       2.0
5875   1124      0            1        2     6  1124   562.0       2.0
6040   1135     11            1        5     7  1124   573.0  1.961606
5824   1120      0            1        6     4  1120   560.0       2.0
7865     33   1152           18        3    10  1119   592.5  1.888608
6807   1277    160           17        0    18  1117   718.5  1.554628
5988   1114      0            1        2     6  1114   557.0       2.0
5705   1112      0            1        5     7  1112   556.0       2.0
5891   1106      0            1        3     6  1106   553.0       2.0
5956   1104      0            1        0     6  1104   552.0       2.0
2769    571   1675           28        1     9  1104  1123.0  0.983081
5972   1102      0            1        1     5  1102   551.0       2.0
6216   1132     30           23        5    18  1102   581.0   1.89673
1863   1665   2765           16        5    11  1100  2215.0  0.496614
3850   1113     17           30        1    12  1096   565.0  1.939823
5746   1094      0            1        1     4  1094   547.0       2.0
1986    455   1549           16        1    17  1094  1002.0  1.091816
6936   1154     64           17        3    22  1090   609.0  1.789819
5986   1089      0            1        2     4  1089   544.5       2.0
7898    130   1215           18        5     7  1085   672.5  1.613383
7854      0   1082           18        2    13  1082   541.0       2.0
1923      7   1089           16        3    14  1082   548.0  1.974453
5858   1081      0            1        1     6  1081   540.5       2.0
3834   1074      0           30        6    18  1074   537.0       2.0
5792   1070      0            1        4     4  1070   535.0       2.0
7862      0   1067           18        3     7  1067   533.5       2.0
2022    474   1540           16        4    14  1066  1007.0   1.05859
7943      0   1064           18        1     9  1064   532.0       2.0
2592    531   1595           28        5    18  1064  1063.0  1.000941
2178    798   1862           16        1    15  1064  1330.0       0.8
5777   1063      0            1        3     4  1063   531.5       2.0
5301   1093     31           15        4    14  1062   562.0   1.88968
5971   1060      0            1        1     4  1060   530.0       2.0
7853    520   1580           18        2    12  1060  1050.0  1.009524
1313     13   1071            6        3     3  1058   542.0   1.95203
2491    389   1447           28        4     9  1058   918.0  1.152505
5300   1057      0           15        4    13  1057   528.5       2.0
6086   1057      0            1        1     4  1057   528.5       2.0
7755   1055      0           18        2    13  1055   527.5       2.0
9026   1106     54           19        4    21  1052   580.0  1.813793
8545   1052      0           25        1    10  1052   526.0       2.0
6382    462   1513           23        0    16  1051   987.5  1.064304
5955   1050      0            1        0     4  1050   525.0       2.0
5734   1049      0            1        0     6  1049   524.5       2.0
6109   1048      0            1        2     6  1048   524.0       2.0
5297   1046      0           15        4     8  1046   523.0       2.0
8940      0   1046           19        5    19  1046   523.0       2.0
2433   1039      0           13        6    19  1039   519.5       2.0
9007   1039      0           19        3    19  1039   519.5       2.0
1383      0   1038            6        0     0  1038   519.0       2.0
6037   1035      0            1        5     4  1035   517.5       2.0
2528    720   1753           28        0    19  1033  1236.5  0.835423
5889   1033      0            1        3     4  1033   516.5       2.0
6141   1030      0            1        4     3  1030   515.0       2.0
6055   1029      0            1        6     6  1029   514.5       2.0
1647      0   1029            6        1     2  1029   514.5       2.0
1802   1016   2044           16        1     9  1028  1530.0  0.671895
6004   1028      0            1        3     4  1028   514.0       2.0
4583   2786   3811            7        2    10  1025  3298.5  0.310747
8887   1024      0           25        0    15  1024   512.0       2.0
5856   1023      0            1        1     4  1023   511.5       2.0
7715    654   1675           18        0    10  1021  1164.5  0.876771
5675   1020      0            1        3     4  1020   510.0       2.0
7866      0   1020           18        3    11  1020   510.0       2.0
8197      0   1017           21        5    12  1017   508.5       2.0
5086    346   1363           15        1    20  1017   854.5   1.19017
5902   1969    954            1        3    21  1015  1461.5  0.694492
1799   1046     34           16        0    20  1012   540.0  1.874074
5808   1012      0            1        5     4  1012   506.0       2.0
182    1003      0           31        3     1  1003   501.5       2.0
7852      0    999           18        2    11   999   499.5       2.0
7987    330   1329           18        4     8   999   829.5   1.20434
8827    999      0           25        3    23   999   499.5       2.0
5940   1264    273            1        6     7   991   768.5  1.289525
5646    990      0            8        1    18   990   495.0       2.0
7833    153   1143           18        1     7   990   648.0  1.527778
4344    989      0           22        6    21   989   494.5       2.0
7767    989      0           18        3     7   989   494.5       2.0
6166    988      0            1        5    20   988   494.0       2.0
3992   1173    193           22        6    21   980   683.0  1.434846
4166    979      0           22        0    21   979   489.5       2.0
3698   1536    557           30        3    20   979  1046.5  0.935499
736       0    977            9        0     6   977   488.5       2.0
5747    977      0            1        1     6   977   488.5       2.0
6101    982      6            1        1    19   976   494.0  1.975709
3169   1128    153            2        0    20   975   640.5  1.522248
3547    971      0           30        6    15   971   485.5       2.0
1834     26    994           16        3     9   968   510.0  1.898039
6021   1244    277            1        4     6   967   760.5  1.271532
1901      0    967           16        1    21   967   483.5       2.0
5873    966      0            1        2     4   966   483.0       2.0
367     225   1184            9        0     6   959   704.5  1.361249
4325    958      0           22        4    23   958   479.0       2.0
5958   2119   1163            1        0     8   956  1641.0  0.582572
7613      0    953           18        5    14   953   476.5       2.0
7659    144   1097           18        2     8   953   620.5  1.535858
4832   3100   4050            7        4    13   950  3575.0  0.265734
712     948      0            9        5    16   948   474.0       2.0
3545    948      0           30        6    11   948   474.0       2.0
2054   1224    277           16        6    19   947   750.5  1.261825
6124    946      0            1        3     4   946   473.0       2.0
7758    946      0           18        2    16   946   473.0       2.0
1798   1121    178           16        0    19   943   649.5  1.451886
5733    941      0            1        0     4   941   470.5       2.0
2773   3188   4124           28        1    13   936  3656.0  0.256018
1985    882   1815           16        1    16   933  1348.5   0.69188
490      29    959            9        0     6   930   494.0  1.882591
2362   2223   1293           13        0    11   930  1758.0   0.52901
751     936      6            9        0    21   930   471.0  1.974522
7533    929      0           27        6     8   929   464.5       2.0
5760    929      0            1        2     4   929   464.5       2.0
5939    928      0            1        6     5   928   464.0       2.0
453     942     15            9        4    21   927   478.5  1.937304
2347    925      0           13        5    21   925   462.5       2.0
6126   1218    294            1        3     6   924   756.0  1.222222
4353    921      0           22        0    18   921   460.5       2.0
8039     96   1016           18        0    21   920   556.0  1.654676
5677    919      0            1        3     6   919   459.5       2.0
7889    105   1024           18        4    15   919   564.5  1.627989
4128   1135    216           22        4     8   919   675.5  1.360474
7911    240   1157           18        6     8   917   698.5  1.312813
41      903      0           31        0    23   903   451.5       2.0
8886    901      0           25        0    14   901   450.5       2.0
1178   1107    212           20        5    21   895   659.5  1.357089
7663    501   1396           18        2    12   895   948.5  0.943595
5052   1449    554           15        5    14   895  1001.5   0.89366
5762    892      0            1        2     7   892   446.0       2.0
8986    889      0           19        2    13   889   444.5       2.0
5921    887      0            1        5     4   887   443.5       2.0
3615    886      0           30        4     8   886   443.0       2.0
2821   2021   2906           28        4    15   885  2463.5  0.359245
7650    395   1279           18        0    15   884   837.0  1.056153
459     884      0            9        5     8   884   442.0       2.0
338     179   1062            9        5    11   883   620.5  1.423046
8398    909     27           25        6    10   882   468.0  1.884615
4026    944     67           22        2     9   877   505.5  1.734916
6571   1165    288           17        3    18   877   726.5  1.207158
8045      0    876           18        1     9   876   438.0       2.0
7885      0    875           18        4    11   875   437.5       2.0
446     872      0            9        4    13   872   436.0       2.0
1510     91    962            6        0     9   871   526.5  1.654321
6157    871      0            1        5     5   871   435.5       2.0
9025    871      0           19        4    20   871   435.5       2.0
3510    866      0           30        3    23   866   433.0       2.0
2110    766   1632           16        3    16   866  1199.0  0.722269
9185    864      0           19        2    21   864   432.0       2.0
5903   1825    963            1        3    22   862  1394.0  0.618364
1791    912   1772           16        0    12   860  1342.0  0.640835
5305    856      0           15        4    19   856   428.0       2.0
4538     24    879            7        6    12   855   451.5  1.893688
54      853      0           31        2     0   853   426.5       2.0
4812   2923   3774            7        3    10   851  3348.5  0.254144
5704    850      0            1        5     5   850   425.0       2.0
1853     17    864           16        4    14   847   440.5  1.922815
7611    668   1513           18        5    12   845  1090.5  0.774874
810       0    842            9        4     6   842   421.0       2.0
528       0    842            9        2     6   842   421.0       2.0
624     873     31            9        0    17   842   452.0  1.862832
4969    230   1069           15        6    20   839   649.5  1.291763
404       0    839            9        2     6   839   419.5       2.0
2048      0    838           16        6    13   838   419.0       2.0
3833    838      0           30        6    17   838   419.0       2.0
7701    972   1807           18        6    14   835  1389.5  0.600936
297     262   1094           31        0    22   832   678.0  1.227139
6103    837     10            1        1    21   827   423.5  1.952774
5121    824      0           15        4    10   824   412.0       2.0
9209    820      0           19        2    17   820   410.0       2.0
685       0    820            9        4     6   820   410.0       2.0
7681    538   1357           18        5     8   819   947.5   0.86438
6006    814      0            1        3     7   814   407.0       2.0
5345      0    814           15        0    16   814   407.0       2.0
2059    808   1618           16        0     9   810  1213.0  0.667766
3818    810      0           30        5    12   810   405.0       2.0
2805    159    968           28        3    16   809   563.5   1.43567
1757      0    803           16        4    14   803   401.5       2.0
7700      0    801           18        6    13   801   400.5       2.0
8322     46    847           21        4    15   801   446.5  1.793953
7714      0    798           18        0     9   798   399.0       2.0
2691    188    986           28        0    16   798   587.0  1.359455
3540     41    835           30        5    20   794   438.0  1.812785
5924    793      0            1        5     7   793   396.5       2.0
5136     45    838           15        5    21   793   441.5  1.796149
8182   1409    616           21        4    10   793  1012.5   0.78321
7438    793      0           27        5    20   793   396.5       2.0
6158    792      0            1        5     6   792   396.0       2.0
197    1712    921           31        5    19   791  1316.5  0.600836
7721   1803   1013           18        0    16   790  1408.0   0.56108
8087    766   1554           21        0    14   788  1160.0   0.67931
1870      0    788           16        5    18   788   394.0       2.0
860     993   1780            9        0    12   787  1386.5  0.567616
4383   3939   4726            7        4    16   787  4332.5   0.18165
1363    178    959            6        5    20   781   568.5  1.373791
8994    795     14           19        2    22   781   404.5  1.930779
9162    800     22           19        1    12   778   411.0  1.892944
4233   1350    574           22        4    22   776   962.0  0.806653
3213    774      0            2        3    23   774   387.0       2.0
670    1944   2717            9        3    10   773  2330.5  0.331688
7668      0    773           18        2    17   773   386.5       2.0
913    2039   1272           20        0    14   767  1655.5  0.463304
2127   1093   1858           16        4    16   765  1475.5  0.518468
6577   1652    888           17        4    10   764  1270.0  0.601575
5307    764      0           15        4    21   764   382.0       2.0
4179    181    944           22        1    16   763   562.5  1.356444
1796      0    763           16        0    17   763   381.5       2.0
1964   1154   1915           16        0     9   761  1534.5  0.495927
2324    759      0           13        3    17   759   379.5       2.0
2026      0    757           16        4    19   757   378.5       2.0
1418      0    757            6        1    23   757   378.5       2.0
4764   1029   1785            7        0    10   756  1407.0  0.537313
4318    555   1310           22        4    10   755   932.5  0.809651
915     754      0           20        0    16   754   377.0       2.0
6104    754      0            1        1    22   754   377.0       2.0
2281    754      0           13        0    12   754   377.0       2.0
2234    542   1293           13        3    18   751   917.5  0.818529
1782      0    751           16        6    17   751   375.5       2.0
6581   1187    436           17        4    14   751   811.5  0.925447
4328   1294    543           22        5    10   751   918.5  0.817637
7703    960   1710           18        6    16   750  1335.0  0.561798
6111    754      6            1        2    11   748   380.0  1.968421
1835     20    768           16        3    10   748   394.0  1.898477
4352    746      0           22        0    17   746   373.0       2.0
2298    741      0           13        1    18   741   370.5       2.0
7801      0    739           18        5     7   739   369.5       2.0
2978    738      0            5        2    11   738   369.0       2.0
2392    738      0           13        3    17   738   369.0       2.0
2633   1041   1775           28        2    13   734  1408.0  0.521307
8326   1080    347           21        4    19   733   713.5   1.02733
4379     52    779            7        4    12   727   415.5  1.749699
7170   2009   1283           17        0    16   726  1646.0  0.441069
5030      0    726           15        3    22   726   363.0       2.0
9180    729      4           19        2    15   725   366.5  1.978172
7940    286   1008           18        1     6   722   647.0   1.11592
4909   6080   6802            7        1    17   722  6441.0  0.112094
9004    740     18           19        3    16   722   379.0  1.905013
1792      0    719           16        0    13   719   359.5       2.0
2096   1028   1745           16        2    18   717  1386.5  0.517129
8162    507   1224           21        2    16   717   865.5  0.828423
1957      0    717           16        6    13   717   358.5       2.0
2251   1412    696           13        4    21   716  1054.0  0.679317
1603      0    715            6        6     1   715   357.5       2.0
7614    452   1166           18        5    15   714   809.0  0.882571
1000    713      0           20        3    10   713   356.5       2.0
4348    960    249           22        0    13   711   604.5  1.176179
1797      0    711           16        0    18   711   355.5       2.0
2395    710      0           13        3    20   710   355.0       2.0
2252    709      0           13        4    22   709   354.5       2.0
2964      0    709            5        1    11   709   354.5       2.0
9170    708      0           19        1    21   708   354.0       2.0
7897    258    965           18        5     6   707   611.5  1.156173
6889      0    706           17        0    18   706   353.0       2.0
4768      6    711            7        0    15   705   358.5  1.966527
8189   1800   2503           21        4    17   703  2151.5  0.326749
8257   2332   1629           21        4    18   703  1980.5  0.354961
2168      0    703           16        0    20   703   351.5       2.0
650       0    702            9        2     6   702   351.0       2.0
4266   1277    576           22        1     7   701   926.5  0.756611
1879    197    898           16        0    12   701   547.5  1.280365
2199    185    884           13        0    20   699   534.5  1.307764
4039    829    132           22        2    22   697   480.5  1.450572
3539    235    931           30        5    19   696   583.0  1.193825
613       0    694            9        0     6   694   347.0       2.0
4157    754     60           22        0    12   694   407.0   1.70516
2403    813    122           13        4    16   691   467.5  1.478075
8143     61    750           21        1    11   689   405.5  1.699137
7606    251    940           18        5     7   689   595.5  1.157011
3988    688      0           22        6    14   688   344.0       2.0
5350   1627   2314           15        0    21   687  1970.5  0.348642
5970   1339    654            1        0    21   685   996.5  0.687406
4164    683      0           22        0    19   683   341.5       2.0
856      17    700            9        0     8   683   358.5   1.90516
1855     42    724           16        4    16   682   383.0  1.780679
2416   1603    921           13        5    15   682  1262.0  0.540412
4677   5164   5845            7        1    14   681  5504.5  0.123717
9017    680      0           19        4    11   680   340.0       2.0
4113   1082    407           22        3     8   675   744.5  0.906649
6639   2908   3583           17        2    19   675  3245.5   0.20798
6196    966    292            1        0    20   674   629.0  1.071542
6112    672      0            1        2    12   672   336.0       2.0
7534    669      0           27        6    11   669   334.5       2.0
752     679     11            9        0    22   668   345.0  1.936232
7948    141    805           18        1    14   664   473.0  1.403805
1741   1230    567            6        0    12   663   898.5  0.737896
1332      0    661            6        4     4   661   330.5       2.0
4772    171    831            7        0    19   660   501.0  1.317365
7884    387   1046           18        4    10   659   716.5  0.919749
4953   2997   3656           15        5    20   659  3326.5  0.198106
6427    659      0           23        4    13   659   329.5       2.0
7696      0    659           18        6     9   659   329.5       2.0
1958      0    657           16        6    14   657   328.5       2.0
6875    653      0           17        5    20   653   326.5       2.0
8042    508   1159           18        1     6   651   833.5  0.781044
8173    603   1254           21        3    14   651   928.5  0.701131
2271   1536    886           13        6    17   650  1211.0  0.536746
9038    650      0           19        6     7   650   325.0       2.0
5968   1700   1051            1        0    19   649  1375.5  0.471828
4298    985    336           22        3     8   649   660.5  0.982589
7669     24    672           18        2    18   648   348.0  1.862069
43      648      0           31        1     2   648   324.0       2.0
6239    647      0           23        1    20   647   323.5       2.0
2157      0    646           16        6    23   646   323.0       2.0
6048    447   1093            1        5    21   646   770.0  0.838961
6376    818   1463           23        0    10   645  1140.5  0.565541
2090    231    875           16        2    12   644   553.0  1.164557
2752    508   1151           28        4    15   643   829.5  0.775166
7750    641      0           18        2     8   641   320.5       2.0
6107    640      0            1        2     4   640   320.0       2.0
3652   1159    521           30        6    19   638   840.0  0.759524
4720   4059   4694            7        4    14   635  4376.5  0.145093
1896      0    633           16        1    16   633   316.5       2.0
1872    633      3           16        5    20   630   318.0  1.981132
8095    346    976           21        1    11   630   661.0  0.953101
7549      0    630           27        1    14   630   315.0       2.0
1511   1048   1678            6        0    10   630  1363.0  0.462216
9164    629      0           19        1    14   629   314.5       2.0
4955     41    669           15        5    22   628   355.0  1.769014
1756    884   1512           16        4    13   628  1198.0  0.524207
4628   4594   5221            7        5    13   627  4907.5  0.127764
4719   1698   2325            7        4    13   627  2011.5  0.311708
4144    627      0           22        6    10   627   313.5       2.0
9041    627      0           19        6    12   627   313.5       2.0
9089    625      0           19        2    15   625   312.5       2.0
7956    624      0           18        2     6   624   312.0       2.0
6053    623      0            1        6     4   623   311.5       2.0
224    1521    899           31        1    21   622  1210.0   0.51405
4310    310    930           22        3    20   620   620.0       1.0
2038      0    618           16        5    17   618   309.0       2.0
2997     56    673            5        3    13   617   364.5   1.69273
4329    940    325           22        5    11   615   632.5  0.972332
4238    633     18           22        5    10   615   325.5  1.889401
4029    137    751           22        2    12   614   444.0  1.382883
8225   2120   2732           21        0    18   612  2426.0  0.252267
296       0    611           31        0    21   611   305.5       2.0
986     610      0           20        2    12   610   305.0       2.0
3799    740    130           30        3    20   610   435.0  1.402299
2047      0    610           16        6    12   610   305.0       2.0
2739    129    737           28        3    16   608   433.0  1.404157
1794      0    606           16        0    15   606   303.0       2.0
6905    687     81           17        1    22   606   384.0  1.578125
2751    640   1246           28        4    12   606   943.0   0.64263
735     634   1239            9        0     5   605   936.5  0.646022
1416    103    708            6        1    20   605   405.5  1.491985
8083    260    862           21        0    10   602   561.0  1.073084
4124   1063    462           22        3    19   601   762.5  0.788197
3020    600      0            5        5    20   600   300.0       2.0
2066    859   1459           16        0    18   600  1159.0  0.517688
4997    308    907           15        1    19   599   607.5  0.986008
6726    251    850           17        2    13   599   550.5  1.088102
7270    133    730           27        0     8   597   431.5  1.383546
3927    607     11           30        6    23   596   309.0  1.928803
7476    595      0           27        1    19   595   297.5       2.0
6409   2142   2736           23        2    18   594  2439.0  0.243542
1081     81    673           20        4    14   592   377.0  1.570292
4737   4767   5358            7        5    14   591  5062.5  0.116741
627     600     10            9        0    20   590   305.0  1.934426
8212    822    236           21        6    13   586   529.0   1.10775
8966    586      0           19        1    11   586   293.0       2.0
6102    586      0            1        1    20   586   293.0       2.0
6113    596     11            1        2    13   585   303.5  1.927512
2182      0    585           16        1    19   585   292.5       2.0
4860     20    605            7        5    23   585   312.5     1.872
8944    585      0           19        5    23   585   292.5       2.0
2272   1050    466           13        6    18   584   758.0  0.770449
2032    195    778           16        5    11   583   486.5  1.198356
3019    580      0            5        5    16   580   290.0       2.0
2432    579      0           13        6    18   579   289.5       2.0
2109      0    579           16        3    15   579   289.5       2.0
5969   1110    532            1        0    20   578   821.0  0.704019
8919    576      0           19        4    14   576   288.0       2.0
7793    180    755           18        4    17   575   467.5  1.229947
9166    575      0           19        1    16   575   287.5       2.0
720     927   1502            9        6     8   575  1214.5  0.473446
7842     93    666           18        1    16   573   379.5  1.509881
2994    453   1025            5        3    10   572   739.0  0.774019
8791    590     18           25        1    21   572   304.0  1.881579
3246    722    153            2        6    17   569   437.5  1.300571
2468   6166   6735           28        2    21   569  6450.5   0.08821
2539    195    764           28        2    16   569   479.5  1.186653
1234    112    681            6        4    20   569   396.5  1.435057
9191    617     50           19        3    15   567   333.5   1.70015
4248    742    178           22        6    21   564   460.0  1.226087
8032    295    858           18        0    14   563   576.5  0.976583
2328    563      0           13        4     1   563   281.5       2.0
2174      0    563           16        1    11   563   281.5       2.0
2846    563      0           28        6    16   563   281.5       2.0
4357   2177   1616           22        0    22   561  1896.5  0.295808
2218    560      0           13        2    19   560   280.0       2.0
2550    954   1511           28        3    11   557  1232.5  0.451927
2270   1974   1418           13        6    16   556  1696.0   0.32783
3637      0    556           30        5    14   556   278.0       2.0
5668    555      0            8        4    11   555   277.5       2.0
6159    555      0            1        5     7   555   277.5       2.0
8036    560      6           18        0    18   554   283.0  1.957597
2011    365    919           16        3    16   554   642.0  0.862928
8020    136    687           18        6    20   551   411.5  1.339004
6948    778    230           17        4    17   548   504.0  1.087302
9151    564     17           19        0    15   547   290.5   1.88296
6243     21    567           23        2    12   546   294.0  1.857143
5046     66    611           15        4    22   545   338.5  1.610044
9132    545      0           19        5    12   545   272.5       2.0
1885   1324   1869           16        0    18   545  1596.5  0.341372
7837    327    872           18        1    11   545   599.5  0.909091
7658    103    647           18        2     7   544   375.0  1.450667
8181    684    140           21        4     9   544   412.0  1.320388
3027    543      0            5        0    15   543   271.5       2.0
3721   1261    718           30        5    15   543   989.5  0.548762
2406    543      0           13        4    19   543   271.5       2.0
7649    778   1320           18        0    14   542  1049.0  0.516683
9163    578     37           19        1    13   541   307.5   1.75935
8281   2100   2641           21        0    18   541  2370.5  0.228222
3544    541      0           30        6    10   541   270.5       2.0
2014     12    548           16        3    19   536   280.0  1.914286
9059    535      0           19        0    14   535   267.5       2.0
7754    534      0           18        2    12   534   267.0       2.0
3541    533      0           30        5    22   533   266.5       2.0
2076     94    627           16        1    13   533   360.5  1.478502
7671     97    628           18        2    20   531   362.5  1.464828
8943    531      0           19        5    22   531   265.5       2.0
9002    531      0           19        3    14   531   265.5       2.0
9212    528      0           19        2    20   528   264.0       2.0
1886   1058   1586           16        0    19   528  1322.0  0.399395
7664      0    528           18        2    13   528   264.0       2.0
2804    465    992           28        3    15   527   728.5  0.723404
5131      0    524           15        5    15   524   262.0       2.0
1456      0    523            6        4     1   523   261.5       2.0
2818    717   1238           28        4    12   521   977.5  0.532992
1900      0    520           16        1    20   520   260.0       2.0
2309    837    318           13        2    18   519   577.5  0.898701
3854    519      0           30        1    19   519   259.5       2.0
5304    517      0           15        4    18   517   258.5       2.0
4343    531     14           22        6    20   517   272.5  1.897248
5279     69    584           15        2    21   515   326.5  1.577335
6396    537     22           23        1    20   515   279.5  1.842576
3820    514      0           30        5    14   514   257.0       2.0
4279    911    398           22        1    21   513   654.5  0.783804
3560    271    784           30        0     9   513   527.5  0.972512
8190   1393    880           21        4    18   513  1136.5  0.451386
5687   4720   5232            1        3    21   512  4976.0  0.102894
1238      0    512            6        5     0   512   256.0       2.0
7359    645   1155           27        0     8   510   900.0  0.566667
4053    509      0           22        3    21   509   254.5       2.0
5946    361    869            1        6    14   508   615.0  0.826016
8342   1149   1656           21        0    13   507  1402.5  0.361497
4185    667    162           22        1    22   505   414.5  1.218335
3995    570     67           22        0     8   503   318.5  1.579278
1769    503      0           16        5    14   503   251.5       2.0
